list(
PARatio = c( 15.41, 5.63, 25.92, 15.17, 13.04, 18.85, 30.95, 22.87, 12.01, 11.6, 6.09, 2.28, 4.05, 59.94, 63.16, 22.76, 23.54, 0.21, 2.55) , 
presence = c( 1, 1, 1, 0, 1, 0, 0, 0, 0, 1, 1, 1, 1, 0, 0, 0, 0, 1, 1) 
)
